0 0.421691 0.130182 0.044289 0.043957
0 0.768932 0.615938 0.031910 0.028211
0 0.786506 0.646924 0.031449 0.028676
0 0.804775 0.676063 0.030527 0.025437
0 0.820963 0.705314 0.029598 0.029832
0 0.832387 0.734236 0.031078 0.029137
0 0.851396 0.772807 0.031910 0.029137
0 0.840850 0.841463 0.027473 0.028582
0 0.809215 0.872818 0.032469 0.030801
0 0.771475 0.862828 0.029691 0.030250
0 0.746361 0.830500 0.033855 0.027750
0 0.699465 0.728795 0.028859 0.026918
0 0.273555 0.759211 0.033578 0.027750
0 0.312906 0.719582 0.036352 0.028305
0 0.506514 0.659400 0.030770 0.032770
0 0.510908 0.561100 0.030770 0.031168
0 0.456963 0.620639 0.032371 0.035965
0 0.236143 0.468377 0.035301 0.037629
0 0.306240 0.441771 0.030637 0.026973
0 0.248131 0.383662 0.029637 0.034629
0 0.190021 0.295750 0.027973 0.029305
0 0.236975 0.289424 0.031301 0.036629
0 0.254359 0.059586 0.029305 0.042625
