0 0.434066 0.115223 0.047953 0.055945
0 0.690557 0.486760 0.035301 0.030637
0 0.750996 0.448965 0.030969 0.030969
0 0.852494 0.598748 0.054613 0.050613
0 0.945801 0.796084 0.036297 0.044957
0 0.890689 0.823389 0.045957 0.053613
0 0.731127 0.912889 0.056887 0.049395
0 0.699076 0.858777 0.043848 0.047727
0 0.681871 0.783297 0.051617 0.047172
0 0.646488 0.721109 0.058828 0.050508
0 0.670771 0.633559 0.053004 0.061328
0 0.588076 0.626621 0.057441 0.045789
0 0.558799 0.575145 0.061605 0.054391
0 0.523973 0.513676 0.057445 0.049672
0 0.493586 0.464004 0.060492 0.048008
0 0.465984 0.414193 0.059125 0.050504
0 0.203098 0.316982 0.059141 0.052348
0 0.187311 0.396502 0.049949 0.057941
0 0.239459 0.370330 0.043957 0.049551
0 0.286613 0.340160 0.043156 0.045953
0 0.347553 0.303996 0.046754 0.047953
0 0.401697 0.273625 0.047152 0.050352
0 0.454045 0.244256 0.046355 0.055543
0 0.506994 0.214486 0.044355 0.055145
0 0.558541 0.180559 0.051551 0.061141
0 0.383316 0.144193 0.047953 0.049949
0 0.530570 0.061277 0.048352 0.052750
