0 0.462285 0.565576 0.037148 0.036363
0 0.176123 0.116566 0.022535 0.023977
0 0.206094 0.112012 0.023977 0.022539
0 0.394785 0.112299 0.030211 0.029254
0 0.452326 0.192139 0.031168 0.034527
0 0.426193 0.157373 0.028770 0.027332
0 0.563096 0.103428 0.031168 0.034527
0 0.504436 0.422918 0.032770 0.029172
0 0.485055 0.471268 0.035562 0.028371
0 0.461680 0.605334 0.039961 0.031168
0 0.485254 0.648092 0.055945 0.054348
0 0.468072 0.748393 0.035965 0.030371
0 0.561979 0.865875 0.062340 0.058344
0 0.409332 0.876863 0.053547 0.048352
0 0.338201 0.962539 0.055145 0.053148
