0 0.042496 0.169689 0.067930 0.069934
0 0.311598 0.831711 0.032953 0.038500
0 0.363637 0.858139 0.056773 0.061340
0 0.481766 0.855482 0.061328 0.060785
0 0.600619 0.964922 0.041348 0.043289
0 0.703709 0.966697 0.037184 0.042738
0 0.751996 0.970166 0.040516 0.043566
0 0.796256 0.969750 0.042457 0.033297
0 0.807662 0.865826 0.038848 0.044121
0 0.900902 0.867213 0.041625 0.043566
0 0.914600 0.804609 0.040957 0.044625
0 0.717963 0.740840 0.039293 0.043625
0 0.764250 0.741504 0.042625 0.046953
0 0.811869 0.743170 0.041957 0.042293
0 0.915904 0.366553 0.055543 0.060699
0 0.687133 0.443656 0.045555 0.047555
0 0.828990 0.450410 0.041559 0.045156
0 0.775445 0.522623 0.076727 0.065145
0 0.654162 0.598541 0.067543 0.075527
0 0.579641 0.640299 0.061539 0.067934
0 0.490529 0.710590 0.069527 0.073125
0 0.371447 0.701598 0.070332 0.071930
0 0.360658 0.589709 0.070332 0.057543
0 0.441180 0.489410 0.061937 0.048750
0 0.489330 0.430471 0.064738 0.054746
0 0.542078 0.361338 0.071930 0.057941
0 0.581838 0.277381 0.066730 0.055543
0 0.677344 0.253047 0.065133 0.069133
0 0.448291 0.162477 0.055543 0.059578
0 0.391152 0.227412 0.061133 0.056785
0 0.347791 0.290350 0.063137 0.062777
0 0.317021 0.365254 0.060738 0.057945
0 0.244295 0.495924 0.064738 0.054746
0 0.289648 0.436383 0.056344 0.057141
0 0.133404 0.344674 0.089910 0.075926
0 0.149988 0.255404 0.082320 0.073527
