0 0.903328 0.032730 0.026430 0.028711
0 0.855039 0.126697 0.025125 0.031324
0 0.894680 0.139096 0.026102 0.026754
0 0.935629 0.146437 0.024469 0.031648
0 0.913768 0.257043 0.025777 0.030344
0 0.748248 0.362691 0.025777 0.032625
0 0.778754 0.375742 0.024797 0.030016
0 0.708117 0.487359 0.029039 0.030344
0 0.070590 0.579500 0.027406 0.032891
0 0.182373 0.526057 0.025449 0.026230
0 0.221525 0.509809 0.024668 0.026625
0 0.165732 0.371010 0.032887 0.032496
0 0.143809 0.242785 0.027406 0.026625
0 0.199600 0.243178 0.028582 0.032887
0 0.234055 0.088367 0.027016 0.034453
0 0.204297 0.080340 0.027016 0.030930
0 0.174934 0.071531 0.024664 0.027406
0 0.132258 0.046080 0.030930 0.025059
0 0.962873 0.047250 0.024145 0.029039
0 0.096434 0.694021 0.043852 0.045027
0 0.143807 0.668572 0.026621 0.024668
0 0.190398 0.656475 0.026625 0.029754
0 0.238166 0.636898 0.029754 0.034453
0 0.134838 0.820773 0.022566 0.024742
0 0.097451 0.825668 0.023926 0.025828
0 0.068904 0.838039 0.024473 0.027734
0 0.037637 0.850684 0.027734 0.030727
0 0.009713 0.846877 0.017238 0.024199
0 0.127225 0.902479 0.018215 0.022293
0 0.147209 0.893643 0.017402 0.024199
0 0.206482 0.868629 0.016316 0.023109
0 0.224291 0.858705 0.016043 0.020121
0 0.181332 0.959850 0.020937 0.025559
0 0.211783 0.974260 0.021480 0.021207
0 0.507771 0.893428 0.024277 0.020754
0 0.531459 0.928666 0.032496 0.035629
0 0.557887 0.960379 0.023492 0.026234
0 0.702559 0.925141 0.047375 0.047375
0 0.687094 0.847031 0.043852 0.034453
0 0.651855 0.803572 0.046984 0.044637
0 0.618576 0.766182 0.028973 0.026230
0 0.590973 0.720178 0.027016 0.032105
0 0.801811 0.807879 0.035238 0.029758
0 0.706307 0.687084 0.043230 0.041871
0 0.687002 0.644396 0.026371 0.022840
0 0.933018 0.041865 0.027730 0.032629
