0 0.686592 0.445285 0.049801 0.047922
0 0.347438 0.294666 0.067094 0.058637
0 0.387467 0.229828 0.064840 0.056383
0 0.444129 0.163074 0.074422 0.065398
0 0.342080 0.059053 0.073293 0.069348
0 0.264561 0.220582 0.074980 0.074422
0 0.124736 0.166457 0.062582 0.072164
0 0.037062 0.170967 0.067656 0.066527
0 0.306307 0.833604 0.031012 0.041816
0 0.419537 0.855686 0.039465 0.038996
0 0.480146 0.856625 0.058262 0.061547
0 0.537936 0.886928 0.037590 0.038527
0 0.897594 0.870014 0.038055 0.043223
0 0.804805 0.865746 0.036641 0.043680
0 0.716473 0.735594 0.041344 0.039938
0 0.813023 0.745695 0.029602 0.037586
0 0.903293 0.614033 0.067344 0.070473
0 0.370502 0.708314 0.069691 0.068910
0 0.487178 0.716143 0.065777 0.062645
0 0.547082 0.696568 0.038367 0.038371
0 0.578990 0.640971 0.059121 0.058730
0 0.508518 0.577309 0.062973 0.064836
0 0.415732 0.552408 0.035238 0.035707
0 0.440396 0.496543 0.065777 0.057789
0 0.490906 0.431705 0.074703 0.065309
0 0.314172 0.367113 0.060328 0.058070
0 0.847924 0.272227 0.086262 0.073859
0 0.627477 0.213871 0.056945 0.057508
0 0.246309 0.497953 0.060609 0.054969
0 0.281547 0.440398 0.070008 0.060141
