0 0.693012 0.769902 0.024469 0.022023
0 0.839311 0.421271 0.024355 0.022660
0 0.668947 0.823873 0.025285 0.023926
0 0.728082 0.684418 0.026594 0.022344
0 0.770959 0.675057 0.022660 0.029426
0 0.739490 0.658299 0.026121 0.022660
0 0.250289 0.409707 0.042742 0.046984
0 0.297926 0.429936 0.038172 0.043066
0 0.423051 0.341518 0.037195 0.039152
0 0.378189 0.314762 0.023168 0.026758
0 0.332838 0.300406 0.042090 0.043719
0 0.428055 0.166830 0.021297 0.028324
0 0.454564 0.177027 0.021301 0.024695
0 0.489684 0.200705 0.037156 0.041691
0 0.585285 0.012109 0.025961 0.023078
0 0.875371 0.036549 0.042383 0.038520
0 0.981291 0.115963 0.036707 0.038746
0 0.761234 0.605178 0.026812 0.021902
0 0.783609 0.552592 0.025867 0.022848
0 0.806268 0.500668 0.026246 0.022469
0 0.817123 0.474895 0.028324 0.022656
0 0.827697 0.448082 0.025301 0.022281
