0 0.711184 0.895072 0.033281 0.031324
0 0.762426 0.349146 0.036977 0.029910
0 0.709678 0.381229 0.038066 0.028277
0 0.711854 0.416576 0.041324 0.029363
0 0.713402 0.592422 0.029758 0.027406
0 0.710662 0.644297 0.031324 0.027406
0 0.709096 0.715557 0.043066 0.027410
0 0.703615 0.751029 0.039152 0.026621
0 0.711510 0.823291 0.040457 0.029363
0 0.870568 0.896410 0.037520 0.032953
0 0.862738 0.860684 0.035562 0.033281
0 0.851646 0.793307 0.029691 0.029691
0 0.861076 0.761533 0.035348 0.028480
0 0.862451 0.728045 0.030363 0.029684
0 0.858826 0.694738 0.031723 0.030586
0 0.858514 0.662139 0.033230 0.028691
0 0.858154 0.546664 0.034176 0.025305
0 0.862742 0.352883 0.030969 0.022656
0 0.950303 0.381074 0.031074 0.024125
0 0.950680 0.477100 0.030211 0.023918
0 0.951861 0.538699 0.031941 0.025016
0 0.947895 0.761125 0.031945 0.029453
0 0.495711 0.178998 0.027414 0.037840
0 0.620416 0.347105 0.039426 0.029094
0 0.618268 0.413076 0.040105 0.026512
0 0.617342 0.448033 0.040785 0.028004
0 0.616414 0.519928 0.041352 0.028887
0 0.617131 0.555783 0.031910 0.029457
0 0.611018 0.590660 0.042676 0.030539
0 0.620609 0.751391 0.040719 0.027000
0 0.620252 0.824637 0.040238 0.028820
0 0.621123 0.859437 0.039152 0.025828
0 0.472803 0.853131 0.036707 0.028277
0 0.472396 0.816016 0.036434 0.028547
0 0.469406 0.745322 0.041328 0.032355
0 0.677449 0.206506 0.036930 0.029910
0 0.227309 0.372340 0.025828 0.022023
0 0.280328 0.396836 0.030180 0.029367
0 0.233699 0.482455 0.028820 0.029637
0 0.235467 0.580611 0.026371 0.024199
0 0.228670 0.637436 0.035074 0.032355
0 0.229756 0.711391 0.036707 0.026375
0 0.282775 0.774197 0.020395 0.026918
0 0.230572 0.818652 0.038340 0.030453
0 0.325873 0.833881 0.030996 0.039152
0 0.382443 0.893381 0.047355 0.041238
0 0.386672 0.722768 0.041109 0.032301
0 0.388303 0.678883 0.039152 0.032625
0 0.468568 0.630758 0.039152 0.033609
0 0.383242 0.573986 0.044687 0.035566
0 0.383900 0.536301 0.040785 0.027406
0 0.384416 0.356998 0.037387 0.029684
0 0.466754 0.344627 0.036250 0.028551
0 0.466074 0.410199 0.038516 0.032625
0 0.469154 0.527557 0.044371 0.034910
