0 0.488469 0.419658 0.052203 0.047637
0 0.856193 0.486119 0.052074 0.052465
0 0.610705 0.492389 0.052074 0.043059
0 0.710936 0.529777 0.052074 0.051289
0 0.225246 0.663602 0.053641 0.054812
0 0.345836 0.823148 0.053641 0.052070
0 0.641064 0.931469 0.054973 0.056383
0 0.433396 0.970418 0.055910 0.052148
0 0.833678 0.340568 0.025176 0.031941
0 0.799941 0.205303 0.050977 0.045504
0 0.894822 0.179814 0.053059 0.054191
0 0.825262 0.142977 0.051922 0.053625
0 0.757100 0.100305 0.053434 0.055891
0 0.699982 0.040826 0.050980 0.054004
0 0.085250 0.855309 0.053094 0.056852
