0 0.266943 0.556791 0.034848 0.028973
0 0.074016 0.216162 0.039422 0.028551
0 0.188348 0.294439 0.027188 0.029910
0 0.419201 0.128785 0.040785 0.040461
0 0.244822 0.380604 0.028973 0.026621
0 0.300418 0.511568 0.034453 0.032496
0 0.331270 0.610137 0.030344 0.032625
0 0.427850 0.599207 0.029691 0.027734
0 0.491836 0.610789 0.025016 0.031539
0 0.594385 0.547574 0.030137 0.026734
0 0.617609 0.574877 0.028094 0.024246
0 0.664059 0.669338 0.035344 0.033082
0 0.408420 0.928500 0.035074 0.030180
0 0.744561 0.829322 0.033043 0.026434
0 0.769297 0.861986 0.025867 0.028699
0 0.852660 0.807816 0.027945 0.031531
0 0.818572 0.704131 0.032355 0.029363
0 0.786625 0.645945 0.026102 0.030453
