1 0.475877 0.303016 0.039465 0.032289
1 0.563822 0.854182 0.065777 0.079402
1 0.420518 0.198137 0.033715 0.046766
1 0.212111 0.328781 0.036707 0.036164
1 0.287426 0.396891 0.039422 0.034805
1 0.280766 0.358391 0.041328 0.035891
1 0.258332 0.279812 0.038883 0.035344
1 0.292320 0.218635 0.034531 0.046223
1 0.914320 0.839615 0.045102 0.046512
1 0.849953 0.840086 0.063898 0.064367
1 0.778303 0.840791 0.066246 0.082691
1 0.451650 0.229674 0.032355 0.035348
1 0.707359 0.840086 0.060609 0.058727
1 0.634768 0.847135 0.066715 0.075645
1 0.734842 0.707199 0.031270 0.033305
1 0.786955 0.719775 0.037613 0.039426
1 0.831025 0.699744 0.032402 0.036707
1 0.896846 0.699563 0.058004 0.056734
1 0.928568 0.638908 0.036707 0.037387
1 0.780832 0.360266 0.031539 0.034258
1 0.775668 0.281553 0.035891 0.036707
1 0.739912 0.181088 0.030723 0.032629
1 0.701988 0.178590 0.035344 0.035570
1 0.583939 0.211988 0.039879 0.035117
1 0.588813 0.260590 0.033305 0.031266
1 0.584898 0.299127 0.040406 0.033418
1 0.463227 0.266574 0.045508 0.032289
1 0.367363 0.201398 0.032898 0.035344
1 0.289910 0.874807 0.043227 0.038527
1 0.355686 0.880445 0.052621 0.056383
1 0.420289 0.870812 0.065305 0.064367
1 0.491469 0.862592 0.065773 0.068598
