1 0.386793 0.092082 0.028094 0.026281
1 0.373199 0.143063 0.028547 0.024469
1 0.378637 0.172949 0.028547 0.028320
1 0.379412 0.197902 0.011707 0.013406
1 0.498365 0.186951 0.038895 0.042105
1 0.533088 0.101021 0.027754 0.024355
1 0.572740 0.229000 0.026059 0.027570
1 0.449693 0.373697 0.044863 0.041871
1 0.391697 0.367473 0.021754 0.020664
1 0.340311 0.335795 0.020121 0.020395
1 0.351457 0.273014 0.026102 0.023926
1 0.309639 0.419213 0.026918 0.023652
1 0.280275 0.538756 0.028004 0.025285
1 0.337588 0.636541 0.026434 0.027754
1 0.351764 0.756232 0.042371 0.045996
1 0.273256 0.733596 0.025379 0.029910
1 0.222162 0.772762 0.045543 0.041898
1 0.207434 0.824092 0.044633 0.043957
1 0.199615 0.874846 0.050754 0.044410
1 0.184330 0.923221 0.052355 0.041918
1 0.295232 0.973295 0.053020 0.050980
1 0.032613 0.843898 0.044242 0.040719
1 0.110332 0.742299 0.053250 0.045809
1 0.085861 0.687482 0.025449 0.028582
1 0.058668 0.941508 0.053680 0.043852
1 0.507133 0.764627 0.035234 0.039152
1 0.527035 0.693176 0.024797 0.024797
1 0.680613 0.627621 0.037250 0.038336
1 0.601627 0.547955 0.028277 0.028004
1 0.519955 0.433557 0.041113 0.046004
1 0.604623 0.396689 0.042090 0.046660
1 0.425172 0.475158 0.045352 0.044371
1 0.391326 0.119951 0.031723 0.025379
