0 0.652883 0.295318 0.083219 0.070363
0 0.375057 0.161021 0.063949 0.062645
0 0.382660 0.233748 0.060688 0.068520
0 0.219814 0.263316 0.077129 0.064273
0 0.254996 0.683801 0.047359 0.036531
0 0.127465 0.638133 0.043977 0.034508
0 0.096447 0.700760 0.063355 0.055738
0 0.031328 0.698178 0.034805 0.039152
0 0.115695 0.839787 0.044633 0.049332
0 0.049293 0.840375 0.061469 0.058336
0 0.263498 0.820289 0.032496 0.030539
0 0.426687 0.770020 0.077914 0.067734
0 0.434910 0.855762 0.077914 0.066953
0 0.423555 0.683061 0.073219 0.090051
0 0.408873 0.592225 0.069691 0.067340
0 0.701256 0.860248 0.073066 0.071715
0 0.691785 0.782781 0.074422 0.060211
0 0.685018 0.709037 0.070363 0.060215
0 0.680283 0.637320 0.085246 0.065625
0 0.674869 0.567973 0.078480 0.069008
0 0.662014 0.368049 0.064949 0.061566
0 0.648291 0.221525 0.079480 0.067340
0 0.639090 0.148896 0.075172 0.062254
0 0.798246 0.138129 0.070867 0.064211
0 0.812342 0.226576 0.076348 0.083395
0 0.817822 0.312713 0.079480 0.065387
0 0.844877 0.569508 0.079402 0.087859
0 0.854510 0.657602 0.078934 0.084570
0 0.857563 0.744990 0.081281 0.073293
0 0.859443 0.831441 0.070004 0.068594
