0 0.244355 0.260504 0.074727 0.065703
0 0.242600 0.374100 0.086262 0.076230
0 0.034967 0.384383 0.065199 0.061688
0 0.036920 0.478371 0.069309 0.073836
0 0.035529 0.571713 0.069309 0.063387
0 0.033959 0.657217 0.066871 0.068613
0 0.038662 0.735406 0.076973 0.073836
0 0.245154 0.731332 0.068785 0.065594
0 0.239080 0.573600 0.083168 0.068543
0 0.207721 0.933721 0.076621 0.074879
0 0.414867 0.810365 0.068125 0.065199
0 0.415494 0.733254 0.068543 0.068961
0 0.418838 0.656354 0.068543 0.068121
0 0.419047 0.570885 0.081500 0.073559
0 0.414238 0.467240 0.071055 0.071043
0 0.416221 0.372977 0.079527 0.086781
0 0.417963 0.265152 0.077785 0.088234
0 0.036787 0.169525 0.068574 0.068707
0 0.410125 0.169953 0.067914 0.067914
0 0.616537 0.312623 0.063387 0.066176
0 0.627402 0.578436 0.048062 0.037965
0 0.781973 0.825473 0.063391 0.069656
0 0.783018 0.727988 0.069660 0.063039
0 0.872707 0.607314 0.069078 0.068785
0 0.768006 0.294164 0.078715 0.089859
0 0.769400 0.387678 0.063387 0.064434
0 0.781313 0.570598 0.071398 0.067914
0 0.781982 0.648523 0.066270 0.065305
