0 0.925387 0.631939 0.026703 0.022340
0 0.913377 0.604646 0.029223 0.022840
0 0.904055 0.577437 0.027375 0.022172
0 0.892215 0.550076 0.026203 0.023684
0 0.859467 0.466217 0.027168 0.024379
0 0.921111 0.468480 0.023684 0.024727
0 0.774832 0.522082 0.030648 0.022289
0 0.785629 0.547682 0.029258 0.021246
0 0.795902 0.575029 0.032391 0.024395
0 0.807572 0.602711 0.031348 0.024727
0 0.702912 0.605496 0.025426 0.024727
0 0.747666 0.678289 0.027863 0.024031
0 0.653068 0.542852 0.026121 0.027813
0 0.599135 0.565225 0.026605 0.028059
0 0.495254 0.607770 0.018625 0.028781
0 0.469012 0.617322 0.017898 0.029988
0 0.442404 0.628568 0.019832 0.027332
0 0.411012 0.721301 0.025398 0.023703
0 0.479701 0.784668 0.024426 0.025641
0 0.533273 0.765078 0.024672 0.028055
0 0.373547 0.813475 0.041844 0.049340
0 0.260160 0.706430 0.041211 0.042664
