1 0.528631 0.417004 0.062691 0.063852
1 0.666855 0.122152 0.052484 0.048617
1 0.740262 0.156787 0.065305 0.069512
1 0.842230 0.072697 0.032797 0.027863
1 0.946719 0.066021 0.031055 0.026121
1 0.951506 0.029596 0.033668 0.024668
1 0.882865 0.323070 0.032895 0.030234
1 0.577611 0.225053 0.053613 0.048777
1 0.883045 0.423936 0.059902 0.058160
1 0.824883 0.452494 0.052242 0.060254
1 0.785002 0.488195 0.029605 0.026469
1 0.885658 0.568299 0.056074 0.055027
1 0.747318 0.768146 0.056074 0.053637
1 0.586873 0.846338 0.035574 0.021926
1 0.590557 0.871602 0.034410 0.023328
1 0.590732 0.898137 0.024730 0.021109
1 0.599564 0.948895 0.033090 0.026992
1 0.599998 0.972258 0.028152 0.018578
1 0.554025 0.480275 0.061238 0.056887
1 0.579133 0.591146 0.040633 0.033668
1 0.510588 0.909762 0.033137 0.023219
1 0.512523 0.935277 0.035070 0.022977
1 0.474537 0.755807 0.050387 0.043738
1 0.469801 0.700680 0.050594 0.045148
1 0.462242 0.639105 0.051602 0.043336
1 0.314678 0.306635 0.036918 0.034480
1 0.100660 0.424475 0.036281 0.020996
1 0.119256 0.708555 0.058512 0.055375
1 0.253172 0.678080 0.044930 0.037613
1 0.274672 0.801135 0.058336 0.047309
