1 0.211719 0.478389 0.043828 0.038020
1 0.308195 0.646031 0.044117 0.038602
1 0.333010 0.580873 0.068207 0.066176
1 0.375965 0.514699 0.044406 0.034828
1 0.352746 0.438367 0.036281 0.044117
1 0.162637 0.588709 0.049336 0.038020
1 0.208135 0.685625 0.061191 0.062641
1 0.139928 0.651885 0.073285 0.062887
1 0.063176 0.830914 0.066172 0.059789
1 0.071768 0.547525 0.033379 0.029895
1 0.949881 0.444635 0.066754 0.076043
1 0.922992 0.595117 0.063039 0.060602
1 0.799352 0.580838 0.074883 0.093340
1 0.633607 0.628326 0.058918 0.062691
1 0.697027 0.637904 0.034828 0.038895
1 0.628414 0.467680 0.051664 0.056016
1 0.623961 0.294844 0.034328 0.035992
1 0.460715 0.639182 0.078656 0.072848
1 0.437639 0.717545 0.074301 0.067043
1 0.388445 0.749908 0.038023 0.049340
1 0.276994 0.779801 0.072270 0.067914
