1 0.302332 0.220398 0.069367 0.074883
1 0.375473 0.219961 0.071687 0.077492
1 0.469805 0.327984 0.054680 0.056422
1 0.427488 0.265988 0.057117 0.061297
1 0.430623 0.132107 0.040402 0.043887
1 0.621459 0.260402 0.062887 0.059016
1 0.708408 0.225961 0.073285 0.084172
1 0.644871 0.850357 0.044695 0.032215
1 0.617152 0.813063 0.039766 0.038312
1 0.341426 0.915719 0.062109 0.056305
1 0.303986 0.844611 0.055145 0.047598
1 0.162896 0.650354 0.063738 0.057809
1 0.213049 0.712490 0.063043 0.061301
1 0.257455 0.777793 0.057816 0.046320
1 0.390129 0.747324 0.061531 0.056305
1 0.344561 0.682457 0.060371 0.059500
1 0.300328 0.614238 0.077320 0.065477
1 0.500070 0.606211 0.064430 0.056016
1 0.459437 0.547408 0.069656 0.053113
1 0.890234 0.943855 0.041375 0.043047
1 0.932236 0.912721 0.040957 0.052660
1 0.417207 0.489361 0.061242 0.056598
1 0.373381 0.426961 0.074012 0.065305
1 0.298619 0.366326 0.062191 0.077738
1 0.170730 0.360309 0.084258 0.071719
1 0.164469 0.263932 0.071109 0.066754
1 0.226725 0.224316 0.069660 0.076914
1 0.820609 0.923701 0.071977 0.093457
