1 0.471695 0.887943 0.037250 0.032410
1 0.710271 0.526453 0.038699 0.028781
1 0.712932 0.562008 0.036762 0.027812
1 0.713416 0.592604 0.030957 0.028543
1 0.710393 0.644121 0.031199 0.029508
1 0.707211 0.680949 0.030633 0.028820
1 0.706908 0.715416 0.038902 0.025598
1 0.703984 0.751695 0.037086 0.031242
1 0.708381 0.824738 0.037285 0.030234
1 0.709086 0.859807 0.039102 0.030637
1 0.809410 0.866395 0.024430 0.036523
1 0.935752 0.891129 0.028418 0.024992
1 0.860170 0.794887 0.029629 0.034469
1 0.859500 0.546393 0.035523 0.022988
1 0.857064 0.514176 0.036918 0.024031
1 0.859152 0.415613 0.036219 0.024031
1 0.943787 0.348393 0.033434 0.023332
1 0.955453 0.410910 0.033086 0.025773
1 0.950055 0.476875 0.031344 0.022289
1 0.952145 0.538348 0.033437 0.023336
1 0.954061 0.569867 0.030301 0.023680
1 0.949881 0.629076 0.033785 0.032043
1 0.947270 0.763340 0.029953 0.031695
1 0.948137 0.796078 0.030992 0.026820
1 0.496715 0.207301 0.030234 0.029227
1 0.779801 0.285236 0.027570 0.027574
1 0.217455 0.343385 0.034668 0.030637
1 0.224912 0.371705 0.029832 0.022371
1 0.283865 0.463412 0.027613 0.024387
1 0.283988 0.531215 0.022375 0.027008
1 0.235211 0.579184 0.026000 0.020961
1 0.226299 0.675080 0.038457 0.026605
1 0.229443 0.710271 0.033137 0.025879
1 0.234002 0.747199 0.036684 0.029430
1 0.234002 0.782672 0.038699 0.029023
1 0.232996 0.819760 0.038297 0.029426
1 0.225740 0.862791 0.039504 0.035270
1 0.383777 0.854107 0.040391 0.032410
1 0.388615 0.768365 0.041840 0.031684
1 0.387627 0.724061 0.032652 0.028215
1 0.382891 0.678711 0.040109 0.029828
1 0.386041 0.636111 0.041793 0.031691
1 0.380297 0.497668 0.040750 0.031344
1 0.384303 0.459184 0.041098 0.032391
1 0.386043 0.423135 0.043187 0.035527
1 0.381510 0.357676 0.035941 0.030398
1 0.514352 0.388564 0.029562 0.030566
1 0.465895 0.410902 0.040477 0.030906
1 0.468381 0.526646 0.038215 0.026363
1 0.469471 0.571029 0.045230 0.035793
1 0.468430 0.744133 0.038938 0.033859
1 0.471938 0.817658 0.038695 0.030473
1 0.473510 0.852850 0.031684 0.027816
1 0.622619 0.858922 0.039668 0.029508
1 0.621531 0.788418 0.041844 0.028781
1 0.620201 0.752018 0.039184 0.026121
1 0.623225 0.715857 0.038457 0.028301
1 0.618990 0.589725 0.037246 0.027090
1 0.618266 0.555502 0.033375 0.030230
1 0.620926 0.378926 0.040055 0.026703
1 0.709473 0.345346 0.038695 0.027816
1 0.709230 0.380416 0.040148 0.026363
1 0.711287 0.417398 0.033137 0.029508
