1 0.346930 0.748719 0.033086 0.025414
1 0.080098 0.098400 0.026375 0.029168
1 0.169609 0.154744 0.026375 0.029168
1 0.148830 0.301158 0.028770 0.027574
1 0.253727 0.209250 0.024375 0.029969
1 0.276904 0.236023 0.022777 0.021180
1 0.299479 0.229230 0.019980 0.021977
1 0.333445 0.240020 0.011188 0.013984
1 0.315266 0.262795 0.021180 0.022777
1 0.392320 0.300920 0.015805 0.016574
1 0.404941 0.280877 0.014453 0.019270
1 0.484666 0.332988 0.017184 0.018789
1 0.504020 0.346961 0.020234 0.021680
1 0.505303 0.370809 0.016699 0.020555
1 0.489725 0.376350 0.019270 0.020395
1 0.477357 0.667680 0.055145 0.045555
1 0.402793 0.781807 0.028773 0.025418
1 0.267566 0.700289 0.054664 0.049391
1 0.658139 0.940480 0.056582 0.046992
1 0.754379 0.521713 0.054188 0.059941
1 0.674824 0.207492 0.029172 0.025977
1 0.715545 0.304793 0.031566 0.023977
1 0.697604 0.332367 0.029973 0.022375
