1 0.574205 0.574139 0.023645 0.026309
1 0.501779 0.409670 0.027973 0.023309
1 0.576369 0.380199 0.030637 0.026305
1 0.643803 0.352893 0.027637 0.023645
1 0.746033 0.292951 0.023645 0.026973
1 0.665182 0.200979 0.029301 0.022645
1 0.882133 0.520459 0.025641 0.022645
1 0.891955 0.548932 0.029973 0.024309
1 0.479867 0.785139 0.025437 0.022355
1 0.587861 0.741992 0.024512 0.023586
1 0.602547 0.715166 0.024742 0.026824
1 0.640008 0.720832 0.024281 0.023359
1 0.655504 0.692967 0.024281 0.026363
1 0.695625 0.699789 0.023125 0.021508
1 0.709039 0.672730 0.020812 0.024281
1 0.734129 0.654695 0.023820 0.024281
1 0.762920 0.652496 0.021277 0.027289
1 0.807184 0.601775 0.030062 0.022355
1 0.786469 0.547145 0.027945 0.020234
1 0.773941 0.520645 0.030258 0.025438
1 0.448830 0.430982 0.033301 0.022645
1 0.362582 0.464781 0.031969 0.024977
1 0.295648 0.491422 0.029305 0.022977
1 0.262188 0.527551 0.021641 0.029969
1 0.315629 0.664883 0.040625 0.037961
1 0.416363 0.637408 0.020313 0.024309
