1 0.903328 0.032730 0.026430 0.028711
1 0.855039 0.126697 0.025125 0.031324
1 0.894680 0.139096 0.026102 0.026754
1 0.935629 0.146437 0.024469 0.031648
1 0.913768 0.257043 0.025777 0.030344
1 0.748248 0.362691 0.025777 0.032625
1 0.778754 0.375742 0.024797 0.030016
1 0.708117 0.487359 0.029039 0.030344
1 0.070590 0.579500 0.027406 0.032891
1 0.182373 0.526057 0.025449 0.026230
1 0.221525 0.509809 0.024668 0.026625
1 0.165732 0.371010 0.032887 0.032496
1 0.143809 0.242785 0.027406 0.026625
1 0.199600 0.243178 0.028582 0.032887
1 0.234055 0.088367 0.027016 0.034453
1 0.204297 0.080340 0.027016 0.030930
1 0.174934 0.071531 0.024664 0.027406
1 0.132258 0.046080 0.030930 0.025059
1 0.962873 0.047250 0.024145 0.029039
1 0.096434 0.694021 0.043852 0.045027
1 0.143807 0.668572 0.026621 0.024668
1 0.190398 0.656475 0.026625 0.029754
1 0.238166 0.636898 0.029754 0.034453
1 0.134838 0.820773 0.022566 0.024742
1 0.097451 0.825668 0.023926 0.025828
1 0.068904 0.838039 0.024473 0.027734
1 0.037637 0.850684 0.027734 0.030727
1 0.009713 0.846877 0.017238 0.024199
1 0.127225 0.902479 0.018215 0.022293
1 0.147209 0.893643 0.017402 0.024199
1 0.206482 0.868629 0.016316 0.023109
1 0.224291 0.858705 0.016043 0.020121
1 0.181332 0.959850 0.020937 0.025559
1 0.211783 0.974260 0.021480 0.021207
1 0.507771 0.893428 0.024277 0.020754
1 0.531459 0.928666 0.032496 0.035629
1 0.557887 0.960379 0.023492 0.026234
1 0.702559 0.925141 0.047375 0.047375
1 0.687094 0.847031 0.043852 0.034453
1 0.651855 0.803572 0.046984 0.044637
1 0.618576 0.766182 0.028973 0.026230
1 0.590973 0.720178 0.027016 0.032105
1 0.801811 0.807879 0.035238 0.029758
1 0.706307 0.687084 0.043230 0.041871
1 0.687002 0.644396 0.026371 0.022840
1 0.933018 0.041865 0.027730 0.032629
