1 0.055967 0.465506 0.047582 0.058230
1 0.157529 0.642471 0.043395 0.045676
1 0.036646 0.653732 0.031324 0.028395
1 0.138834 0.194139 0.030020 0.036871
1 0.491830 0.422301 0.022840 0.026102
1 0.509775 0.451176 0.021535 0.019250
1 0.580902 0.477277 0.028711 0.034258
1 0.626582 0.368662 0.030672 0.037191
1 0.668998 0.388891 0.031973 0.030672
1 0.707334 0.406836 0.037520 0.029367
1 0.707820 0.445172 0.032617 0.032953
1 0.686453 0.479270 0.035562 0.029367
1 0.674869 0.515484 0.037848 0.027406
1 0.476332 0.346148 0.024469 0.017617
1 0.490852 0.322330 0.028062 0.021535
1 0.496234 0.298352 0.026430 0.017945
1 0.920441 0.164607 0.060688 0.052855
1 0.410719 0.121574 0.064930 0.052531
1 0.354436 0.158281 0.022840 0.016969
1 0.451434 0.271113 0.020391 0.024742
1 0.403715 0.293680 0.050031 0.048125
1 0.349471 0.267033 0.036707 0.043230
1 0.306377 0.248572 0.025012 0.021207
1 0.279596 0.231852 0.019848 0.024742
1 0.239762 0.224510 0.052203 0.054652
1 0.196529 0.236473 0.033715 0.044320
1 0.188510 0.302516 0.037793 0.035344
1 0.233238 0.332289 0.031539 0.048125
1 0.277283 0.352268 0.032629 0.039684
1 0.341840 0.555846 0.030586 0.032402
1 0.317143 0.583826 0.026965 0.029457
1 0.266162 0.574877 0.049621 0.051434
1 0.214389 0.545988 0.053020 0.062086
1 0.109553 0.491564 0.045090 0.052793
1 0.101574 0.612127 0.045023 0.044371
1 0.730598 0.758070 0.027406 0.028062
1 0.766326 0.778463 0.029691 0.034910
1 0.800746 0.798201 0.031320 0.032629
1 0.824408 0.877314 0.021754 0.031043
1 0.793254 0.904844 0.026508 0.034437
1 0.757115 0.891816 0.024926 0.038289
1 0.725959 0.871197 0.034215 0.039199
1 0.694238 0.979389 0.026055 0.029684
1 0.427941 0.928664 0.049484 0.050844
1 0.366900 0.979344 0.054652 0.039969
1 0.090111 0.979914 0.064980 0.036977
1 0.240877 0.986957 0.027191 0.025289
1 0.938760 0.597053 0.033934 0.029691
1 0.916900 0.566221 0.032629 0.030020
1 0.905643 0.526416 0.032301 0.029363
1 0.876279 0.501457 0.029035 0.032953
1 0.836963 0.490689 0.031324 0.036215
1 0.812166 0.519400 0.024145 0.023168
1 0.789654 0.550559 0.025449 0.022187
1 0.939412 0.637023 0.035238 0.033281
1 0.955400 0.691338 0.035238 0.027715
1 0.867633 0.691836 0.027406 0.033930
1 0.903033 0.702611 0.029691 0.031340
1 0.880031 0.743551 0.030016 0.029687
