1 0.788854 0.306676 0.022840 0.024469
1 0.689141 0.769803 0.022883 0.020168
1 0.701830 0.745105 0.025605 0.023336
1 0.719615 0.711143 0.024020 0.023113
1 0.751563 0.631951 0.027672 0.023793
1 0.805943 0.500922 0.025605 0.023336
1 0.817271 0.474180 0.028324 0.023359
1 0.825994 0.448469 0.029004 0.022203
1 0.881297 0.350857 0.044047 0.051387
1 0.981018 0.115824 0.036629 0.039844
1 0.736234 0.155191 0.042672 0.037953
1 0.488275 0.199520 0.039152 0.044633
1 0.438568 0.178771 0.052504 0.049332
1 0.383936 0.160760 0.037988 0.041504
1 0.329016 0.299920 0.041352 0.044184
1 0.372631 0.319369 0.037574 0.043051
1 0.344742 0.451404 0.039969 0.050301
