1 0.885641 0.036105 0.077242 0.065398
1 0.161770 0.565521 0.068930 0.065387
1 0.207125 0.710035 0.061078 0.057320
1 0.572297 0.200461 0.041500 0.034844
1 0.624566 0.251164 0.040328 0.034453
1 0.509848 0.385066 0.065383 0.053250
1 0.413922 0.483537 0.064602 0.058340
1 0.283738 0.463365 0.078305 0.068895
1 0.454643 0.544613 0.069301 0.060688
1 0.499471 0.604322 0.059512 0.058730
1 0.347684 0.678623 0.077000 0.062973
1 0.298578 0.614053 0.064273 0.054816
1 0.259092 0.543902 0.069512 0.061992
1 0.171496 0.358547 0.068844 0.074062
1 0.166438 0.264418 0.069820 0.059383
1 0.931908 0.905514 0.039152 0.044699
1 0.820975 0.926395 0.086137 0.085156
1 0.645115 0.849490 0.037848 0.036543
1 0.428598 0.264084 0.063445 0.059512
1 0.617381 0.808545 0.036543 0.034910
1 0.344150 0.910326 0.059590 0.053020
1 0.300992 0.843586 0.060906 0.055195
1 0.249885 0.781451 0.073285 0.061082
1 0.180908 0.127441 0.075176 0.067656
1 0.302830 0.220234 0.056848 0.056852
1 0.376594 0.220703 0.068125 0.078461
