1 0.693283 0.777463 0.029363 0.036707
1 0.300695 0.665129 0.022469 0.027000
1 0.192506 0.240768 0.025559 0.016043
1 0.151994 0.236555 0.025012 0.017945
1 0.106588 0.211377 0.026645 0.016855
1 0.158896 0.309180 0.025488 0.026906
1 0.109580 0.192209 0.023926 0.018762
1 0.122766 0.175623 0.019305 0.018762
1 0.162055 0.172902 0.018492 0.024742
1 0.183262 0.174535 0.019578 0.026375
1 0.218469 0.098758 0.019195 0.025492
1 0.160252 0.135139 0.024168 0.017371
1 0.204873 0.177574 0.019512 0.028164
1 0.268293 0.183250 0.020391 0.031344
1 0.290102 0.172225 0.020961 0.029832
1 0.384656 0.755875 0.031539 0.020664
1 0.399609 0.799648 0.032625 0.034258
1 0.215129 0.820057 0.051930 0.052777
1 0.139977 0.976020 0.053836 0.046984
1 0.908301 0.963928 0.039227 0.028520
1 0.925773 0.932074 0.035516 0.028500
1 0.944650 0.880918 0.033441 0.029367
1 0.888639 0.884590 0.032355 0.027461
1 0.886602 0.808186 0.030453 0.035621
1 0.824473 0.815799 0.026375 0.031809
1 0.798510 0.792822 0.027199 0.036434
1 0.764791 0.792553 0.030449 0.038066
1 0.732707 0.783715 0.027187 0.035617
1 0.277092 0.663145 0.022473 0.026055
1 0.652771 0.776373 0.029363 0.037793
1 0.316723 0.164670 0.020203 0.028324
1 0.135707 0.453766 0.031719 0.021336
1 0.344480 0.159855 0.020578 0.028891
1 0.299863 0.094617 0.018883 0.029828
1 0.333529 0.121734 0.028699 0.020203
1 0.424350 0.149680 0.019262 0.028133
1 0.647949 0.680531 0.027867 0.031266
1 0.684654 0.685063 0.030590 0.034891
1 0.715582 0.677133 0.028094 0.034891
1 0.753316 0.678377 0.029695 0.037387
1 0.789107 0.676680 0.026965 0.037156
1 0.822867 0.654814 0.026961 0.034215
1 0.856742 0.637367 0.026281 0.031492
1 0.872602 0.607686 0.033984 0.030590
1 0.889119 0.576252 0.036816 0.030402
1 0.898652 0.540660 0.032852 0.029836
1 0.930584 0.462721 0.032855 0.028324
1 0.928092 0.429754 0.033762 0.029000
1 0.928318 0.393275 0.044637 0.039426
1 0.922768 0.353510 0.036707 0.030137
1 0.913477 0.323035 0.034891 0.028547
1 0.904980 0.290861 0.033758 0.029910
1 0.956414 0.263783 0.027867 0.033762
1 0.869492 0.240670 0.029500 0.029895
1 0.840748 0.214727 0.025777 0.026102
1 0.815725 0.191295 0.027066 0.029895
1 0.782221 0.176982 0.040512 0.047582
1 0.710385 0.181143 0.030723 0.034801
1 0.675990 0.170131 0.030996 0.032355
1 0.187346 0.268926 0.029504 0.018578
1 0.097531 0.341670 0.022969 0.027691
1 0.152996 0.354100 0.031313 0.022973
1 0.141371 0.403260 0.027570 0.021902
1 0.388984 0.708225 0.028477 0.023441
1 0.384434 0.673152 0.020773 0.024922
1 0.354695 0.667316 0.022469 0.029266
1 0.327033 0.663051 0.023410 0.029266
1 0.150623 0.476330 0.027191 0.024168
1 0.076402 0.584893 0.030359 0.023113
1 0.125570 0.653092 0.024922 0.021754
1 0.132025 0.427332 0.033043 0.020578
1 0.146869 0.675523 0.024473 0.019484
1 0.215547 0.612562 0.024375 0.023602
1 0.257455 0.639090 0.022090 0.027945
