1 0.970234 0.806934 0.026102 0.038609
1 0.977957 0.488303 0.026102 0.021480
1 0.824064 0.454994 0.025559 0.022840
1 0.800818 0.434059 0.029637 0.026102
1 0.739205 0.413139 0.019668 0.027535
1 0.684217 0.295766 0.030020 0.033984
1 0.748225 0.293500 0.030777 0.032477
1 0.781582 0.288277 0.029453 0.036820
1 0.145295 0.121803 0.035707 0.028191
1 0.143650 0.154691 0.036176 0.026313
1 0.144590 0.191525 0.030539 0.031949
1 0.124623 0.227234 0.035707 0.027250
1 0.224227 0.260592 0.032891 0.028191
1 0.414510 0.253076 0.034770 0.039465
1 0.334873 0.382043 0.033355 0.040875
1 0.152578 0.325898 0.060609 0.067656
1 0.059631 0.780426 0.014410 0.015227
1 0.638977 0.932094 0.029078 0.030586
1 0.713746 0.966646 0.042672 0.030965
1 0.988430 0.934504 0.020844 0.024469
1 0.894172 0.869361 0.027641 0.026512
1 0.943566 0.869248 0.031266 0.023113
1 0.885227 0.806941 0.029234 0.024477
1 0.918412 0.300910 0.034262 0.029094
1 0.944379 0.275896 0.026375 0.033988
1 0.985869 0.216936 0.027441 0.029910
1 0.884156 0.207035 0.029828 0.027414
1 0.856945 0.231727 0.033055 0.028016
1 0.923438 0.147053 0.032852 0.029629
1 0.920717 0.106561 0.031441 0.027816
1 0.947221 0.081855 0.036887 0.027617
