1 0.787006 0.646141 0.029426 0.030437
1 0.821271 0.705598 0.034668 0.032852
1 0.853520 0.773623 0.031039 0.031441
1 0.808031 0.847385 0.030906 0.029395
1 0.769316 0.864937 0.028383 0.031578
1 0.727998 0.798088 0.028051 0.025863
1 0.680684 0.700352 0.027711 0.028383
1 0.618338 0.575830 0.024637 0.024637
1 0.512979 0.590932 0.027410 0.027293
1 0.275207 0.591209 0.035273 0.027379
1 0.270318 0.557533 0.031238 0.027043
1 0.268949 0.525949 0.027164 0.031344
1 0.291936 0.494604 0.029949 0.036918
1 0.374053 0.488100 0.037621 0.027379
1 0.364479 0.451146 0.040309 0.027379
1 0.364109 0.382920 0.026203 0.026707
