1 0.686869 0.478158 0.033668 0.029316
1 0.261588 0.938568 0.032410 0.026121
1 0.240182 0.985006 0.033621 0.027090
1 0.368732 0.978715 0.050309 0.040633
1 0.157695 0.643844 0.047164 0.046156
1 0.098812 0.610260 0.052484 0.062887
1 0.043424 0.585105 0.050066 0.059016
1 0.160230 0.519865 0.051664 0.062402
1 0.213344 0.544824 0.052242 0.064141
1 0.107555 0.491713 0.050211 0.060660
1 0.052408 0.466314 0.047309 0.051082
1 0.316117 0.584064 0.029312 0.032215
1 0.343545 0.555479 0.023801 0.027863
1 0.408848 0.497312 0.029023 0.034250
1 0.357174 0.394561 0.033457 0.037285
1 0.232066 0.332604 0.034828 0.044699
1 0.174889 0.309123 0.054566 0.050793
1 0.179969 0.266893 0.032797 0.027863
1 0.197672 0.234967 0.033961 0.045277
1 0.240191 0.221762 0.048758 0.056016
1 0.299982 0.203041 0.020316 0.025543
1 0.352949 0.262945 0.050211 0.053984
1 0.405191 0.289648 0.048469 0.053984
1 0.491537 0.321865 0.026699 0.020895
1 0.491246 0.421877 0.020961 0.026012
1 0.627090 0.374758 0.053289 0.055031
1 0.540543 0.467227 0.034828 0.036570
1 0.580768 0.475238 0.030996 0.037961
1 0.669164 0.388359 0.027281 0.036859
1 0.709217 0.406787 0.035410 0.035410
1 0.797592 0.389811 0.025832 0.024090
1 0.752461 0.454098 0.032508 0.040055
1 0.672936 0.513131 0.037730 0.027285
1 0.666260 0.549121 0.040051 0.030766
1 0.789322 0.549992 0.029605 0.022641
1 0.809783 0.516904 0.030473 0.033090
1 0.874506 0.498908 0.029895 0.033668
1 0.938504 0.596146 0.034250 0.029035
1 0.938697 0.635793 0.033590 0.033875
1 0.985289 0.682961 0.028797 0.033312
1 0.904088 0.702574 0.029426 0.035070
1 0.868314 0.689172 0.031645 0.036883
1 0.803896 0.670629 0.029223 0.034664
1 0.772654 0.681715 0.032449 0.037492
1 0.730563 0.755936 0.028297 0.030715
1 0.765754 0.775768 0.028539 0.032168
1 0.799979 0.796205 0.028301 0.031926
1 0.827906 0.815191 0.037719 0.031687
1 0.839039 0.850393 0.036953 0.028973
1 0.821854 0.880326 0.029277 0.028809
1 0.792637 0.900387 0.023094 0.028344
1 0.762369 0.893623 0.020645 0.025777
1 0.953051 0.876148 0.031766 0.046391
1 0.836236 0.965549 0.040543 0.047645
1 0.690793 0.852955 0.045555 0.050152
1 0.555219 0.972477 0.030234 0.028820
