1 0.422723 0.710174 0.038023 0.043246
1 0.221268 0.361090 0.042566 0.035797
1 0.197566 0.414906 0.046438 0.035555
1 0.277029 0.249760 0.036223 0.038660
1 0.151297 0.241400 0.064086 0.081848
1 0.082512 0.268043 0.070703 0.083586
1 0.160439 0.478129 0.066027 0.060711
1 0.137826 0.535936 0.045473 0.036520
1 0.066234 0.607164 0.035797 0.042570
1 0.026930 0.623369 0.034102 0.044020
1 0.771066 0.295541 0.053984 0.052824
1 0.836949 0.327031 0.042375 0.056016
1 0.896883 0.336463 0.033375 0.039473
1 0.900600 0.200312 0.051371 0.055727
1 0.770428 0.136316 0.034246 0.038023
1 0.554402 0.135625 0.039008 0.039703
1 0.575994 0.215033 0.044574 0.041793
1 0.445217 0.130748 0.044230 0.036223
1 0.502684 0.098359 0.046320 0.038312
1 0.411258 0.179160 0.043187 0.033437
1 0.393582 0.240627 0.061820 0.056598
1 0.363979 0.293742 0.042082 0.038602
1 0.406967 0.387533 0.060184 0.063527
1 0.477391 0.475303 0.073141 0.066035
1 0.295168 0.466943 0.077320 0.061855
1 0.637934 0.416889 0.074883 0.065301
1 0.483816 0.401215 0.042375 0.036859
1 0.508053 0.347377 0.039184 0.038309
1 0.311051 0.400699 0.035523 0.031344
