0 0.693625 0.322263 0.036800 0.059424
0 0.750263 0.351379 0.028325 0.045473
0 0.444450 0.442263 0.031150 0.052428
0 0.294025 0.412572 0.034700 0.055926
0 0.539400 0.064177 0.028300 0.055350
0 0.442962 0.118066 0.027725 0.064115
0 0.408738 0.232160 0.032425 0.065062
0 0.341488 0.304012 0.032425 0.037901
0 0.438525 0.311296 0.038950 0.046626
0 0.401363 0.381708 0.030675 0.035926
0 0.591900 0.469959 0.029500 0.071852
0 0.551200 0.581152 0.038950 0.053416
0 0.601937 0.631173 0.024775 0.054362
0 0.768587 0.538416 0.023025 0.084486
0 0.423787 0.515597 0.038925 0.042716
0 0.385738 0.584074 0.027725 0.030123
0 0.423488 0.659815 0.039525 0.035926
0 0.443263 0.765494 0.019675 0.043663
0 0.511838 0.756214 0.024075 0.038107
0 0.573037 0.944383 0.027525 0.064815
0 0.184787 0.811708 0.015925 0.046379
0 0.200463 0.819115 0.015075 0.043086
0 0.163587 0.792058 0.028175 0.052922
0 0.358088 0.463251 0.031125 0.045432
0 0.595938 0.365947 0.039625 0.083909
0 0.548863 0.414321 0.026175 0.059424
