0 0.082018 0.596383 0.038363 0.021180
0 0.955791 0.028801 0.031637 0.027195
0 0.123377 0.704277 0.054746 0.045156
0 0.270043 0.737709 0.060937 0.042957
0 0.503977 0.855092 0.037961 0.025973
0 0.604676 0.969943 0.033633 0.021980
0 0.587191 0.843404 0.023977 0.020645
0 0.739521 0.576393 0.027973 0.030027
0 0.575137 0.590557 0.044289 0.037629
0 0.466445 0.636178 0.048617 0.034301
0 0.453791 0.572740 0.044621 0.031965
0 0.389521 0.538941 0.055277 0.054281
0 0.149949 0.386395 0.043156 0.035164
0 0.105592 0.422158 0.027973 0.020379
0 0.884697 0.419721 0.065535 0.062738
0 0.743770 0.154490 0.063602 0.066934
0 0.847287 0.071258 0.035520 0.024422
0 0.773807 0.294445 0.055543 0.068734
0 0.902789 0.103586 0.028305 0.030250
0 0.934146 0.093180 0.024973 0.027195
0 0.949963 0.062379 0.032746 0.027750
0 0.707873 0.293846 0.067535 0.075527
0 0.561020 0.225234 0.034367 0.034367
0 0.638742 0.258201 0.053148 0.053145
0 0.317223 0.303875 0.035562 0.031969
0 0.513398 0.906340 0.034633 0.024641
0 0.516822 0.323855 0.039160 0.028773
0 0.530410 0.417162 0.061539 0.068332
0 0.815965 0.273666 0.060742 0.059941
0 0.103195 0.474105 0.039961 0.033969
0 0.099600 0.531850 0.028770 0.019980
