0 0.870844 0.945969 0.055945 0.044289
0 0.363082 0.423988 0.056945 0.054945
0 0.688791 0.402842 0.039293 0.042957
0 0.823990 0.475936 0.023309 0.025309
0 0.631227 0.066236 0.017484 0.013598
0 0.924535 0.854686 0.045555 0.041160
0 0.927334 0.801738 0.036762 0.029570
0 0.880580 0.779760 0.028770 0.027973
0 0.837424 0.752988 0.025574 0.029570
0 0.745115 0.697643 0.026371 0.027574
0 0.817244 0.653887 0.028371 0.031172
0 0.664596 0.635307 0.027574 0.030770
0 0.625035 0.641100 0.025977 0.024777
0 0.590469 0.596344 0.045555 0.050352
0 0.545914 0.564576 0.027570 0.027574
0 0.477182 0.536604 0.025973 0.025176
0 0.413047 0.508033 0.029570 0.031168
0 0.358461 0.585781 0.048563 0.040273
0 0.311635 0.542037 0.041293 0.041957
0 0.265848 0.492254 0.025641 0.025641
