0 0.772551 0.651330 0.051789 0.042199
0 0.889926 0.826154 0.046953 0.051949
0 0.946033 0.798350 0.035965 0.045621
0 0.947816 0.699281 0.048430 0.056586
0 0.586736 0.626107 0.058980 0.049871
0 0.491312 0.465754 0.058984 0.049867
0 0.523680 0.516342 0.054664 0.047473
0 0.627736 0.433865 0.066176 0.054184
0 0.803480 0.699041 0.050352 0.040762
0 0.647877 0.572926 0.046035 0.049391
0 0.850234 0.600500 0.057539 0.055625
0 0.238482 0.374732 0.043840 0.052723
0 0.349619 0.304385 0.043012 0.054113
0 0.401928 0.274277 0.042738 0.052172
0 0.454791 0.245418 0.042457 0.057164
0 0.341719 0.064914 0.042758 0.039164
0 0.480377 0.088891 0.046746 0.047953
0 0.507354 0.148430 0.063137 0.051148
0 0.505555 0.212367 0.050750 0.059937
0 0.866969 0.320844 0.029250 0.033086
0 0.695246 0.860561 0.051547 0.047152
0 0.641402 0.724404 0.050352 0.044121
0 0.609994 0.675018 0.067137 0.048910
0 0.190193 0.404563 0.034965 0.046344
0 0.735744 0.911869 0.038293 0.028637
