0 0.854094 0.227584 0.031531 0.027379
0 0.884684 0.204645 0.024734 0.022281
0 0.898881 0.176582 0.035246 0.028641
0 0.924469 0.142293 0.031648 0.028062
0 0.946818 0.081768 0.035238 0.030996
0 0.385715 0.265184 0.017672 0.024742
0 0.412904 0.245609 0.022566 0.030180
0 0.132990 0.224562 0.033715 0.027461
0 0.075238 0.101395 0.030453 0.034805
0 0.924959 0.048326 0.035887 0.030020
0 0.918303 0.621621 0.036480 0.026508
0 0.911697 0.663320 0.026645 0.022570
0 0.884152 0.802828 0.025828 0.022023
0 0.920453 0.295160 0.025648 0.025805
0 0.971568 0.804600 0.018488 0.025566
0 0.957021 0.833281 0.029637 0.024742
0 0.951990 0.954928 0.026645 0.025285
0 0.918275 0.891439 0.023926 0.026645
0 0.903730 0.921213 0.034531 0.028004
0 0.820123 0.881408 0.028277 0.032355
0 0.758811 0.917025 0.019848 0.025832
0 0.727135 0.924639 0.020121 0.030184
0 0.639447 0.927195 0.018762 0.026375
0 0.863740 0.317406 0.034277 0.037195
0 0.943000 0.430729 0.026055 0.026285
0 0.979254 0.484086 0.024695 0.022430
0 0.905049 0.544924 0.029457 0.027645
0 0.132777 0.908629 0.011555 0.011781
0 0.915018 0.580043 0.034895 0.026281
0 0.649854 0.295066 0.027379 0.029453
0 0.684123 0.292801 0.028699 0.032477
0 0.715654 0.288836 0.027566 0.035875
0 0.748791 0.292428 0.026246 0.034754
0 0.781174 0.284684 0.029457 0.033609
0 0.813461 0.282793 0.026055 0.033609
