0 0.385436 0.755258 0.033309 0.020844
0 0.906887 0.964543 0.032648 0.028453
0 0.926459 0.932496 0.036434 0.028547
0 0.984238 0.953432 0.030727 0.029090
0 0.889346 0.884779 0.036707 0.029910
0 0.907699 0.844674 0.037523 0.029090
0 0.844430 0.842787 0.027547 0.030051
0 0.841139 0.773111 0.028387 0.036543
0 0.765184 0.793209 0.029039 0.037520
0 0.731740 0.783744 0.031324 0.037512
0 0.652617 0.777059 0.029039 0.031320
0 0.685279 0.684885 0.031730 0.037895
0 0.716879 0.675771 0.028063 0.033043
0 0.752871 0.676691 0.028977 0.035141
0 0.784723 0.676342 0.028133 0.033230
0 0.825129 0.665014 0.043617 0.049473
0 0.857889 0.636881 0.025301 0.029832
0 0.871578 0.606387 0.030023 0.026625
0 0.898900 0.541604 0.031910 0.027754
0 0.933557 0.464076 0.038879 0.028277
0 0.925266 0.353135 0.035891 0.028809
0 0.915475 0.322826 0.032082 0.030184
0 0.905145 0.291422 0.034258 0.027188
0 0.891141 0.263010 0.030180 0.026371
0 0.866807 0.240307 0.026645 0.032629
0 0.815961 0.191500 0.026102 0.029094
0 0.940627 0.162002 0.032895 0.030996
0 0.781248 0.182363 0.027379 0.033234
0 0.741691 0.179908 0.030211 0.037012
0 0.709781 0.181891 0.030211 0.030398
0 0.678156 0.171600 0.028133 0.033230
0 0.649740 0.149225 0.028699 0.034176
0 0.397687 0.156137 0.016617 0.022656
0 0.370688 0.153303 0.020391 0.029832
0 0.344820 0.160480 0.020391 0.029078
0 0.317441 0.168881 0.018125 0.025113
0 0.203547 0.041242 0.030023 0.020203
0 0.204715 0.176416 0.016539 0.024473
0 0.183529 0.176301 0.016316 0.022430
0 0.142520 0.171543 0.016766 0.024695
0 0.122354 0.175621 0.016316 0.020617
0 0.073865 0.169391 0.022207 0.015859
0 0.063443 0.224768 0.022207 0.016316
0 0.120314 0.229072 0.022660 0.014957
0 0.153055 0.236775 0.021977 0.017223
0 0.175486 0.291631 0.022434 0.025152
0 0.159398 0.331713 0.028773 0.021301
0 0.153621 0.353578 0.028094 0.019711
0 0.136629 0.375668 0.025828 0.020391
0 0.142066 0.403879 0.024922 0.022883
0 0.137080 0.453725 0.029910 0.021074
0 0.070014 0.476270 0.024926 0.016766
0 0.100965 0.514623 0.023789 0.016426
0 0.160252 0.526801 0.029457 0.018883
0 0.181113 0.570625 0.022813 0.019352
0 0.076885 0.584551 0.027801 0.018094
0 0.090914 0.610512 0.024391 0.018883
0 0.106914 0.632889 0.021961 0.018246
0 0.126152 0.654402 0.023789 0.021711
0 0.234268 0.628555 0.025301 0.023414
0 0.196693 0.592227 0.023035 0.021148
0 0.327203 0.661340 0.024242 0.028773
0 0.354279 0.666891 0.025379 0.027187
0 0.382488 0.734072 0.023336 0.019715
0 0.398689 0.824703 0.029910 0.031945
0 0.298881 0.818812 0.030137 0.034211
0 0.138803 0.974768 0.056645 0.048941
