0 0.386793 0.092082 0.028094 0.026281
0 0.373199 0.143063 0.028547 0.024469
0 0.378637 0.172949 0.028547 0.028320
0 0.379412 0.197902 0.011707 0.013406
0 0.498365 0.186951 0.038895 0.042105
0 0.533088 0.101021 0.027754 0.024355
0 0.572740 0.229000 0.026059 0.027570
0 0.449693 0.373697 0.044863 0.041871
0 0.391697 0.367473 0.021754 0.020664
0 0.340311 0.335795 0.020121 0.020395
0 0.351457 0.273014 0.026102 0.023926
0 0.309639 0.419213 0.026918 0.023652
0 0.280275 0.538756 0.028004 0.025285
0 0.337588 0.636541 0.026434 0.027754
0 0.351764 0.756232 0.042371 0.045996
0 0.273256 0.733596 0.025379 0.029910
0 0.222162 0.772762 0.045543 0.041898
0 0.207434 0.824092 0.044633 0.043957
0 0.199615 0.874846 0.050754 0.044410
0 0.184330 0.923221 0.052355 0.041918
0 0.295232 0.973295 0.053020 0.050980
0 0.032613 0.843898 0.044242 0.040719
0 0.110332 0.742299 0.053250 0.045809
0 0.085861 0.687482 0.025449 0.028582
0 0.058668 0.941508 0.053680 0.043852
0 0.507133 0.764627 0.035234 0.039152
0 0.527035 0.693176 0.024797 0.024797
0 0.680613 0.627621 0.037250 0.038336
0 0.601627 0.547955 0.028277 0.028004
0 0.519955 0.433557 0.041113 0.046004
0 0.604623 0.396689 0.042090 0.046660
0 0.425172 0.475158 0.045352 0.044371
0 0.391326 0.119951 0.031723 0.025379
