0 0.170756 0.448840 0.033863 0.033055
0 0.502600 0.409199 0.024730 0.027539
0 0.480730 0.386635 0.028344 0.031145
0 0.492160 0.354904 0.027180 0.028332
0 0.517004 0.331816 0.026008 0.026711
0 0.551867 0.307441 0.034711 0.032195
0 0.557188 0.272658 0.029953 0.029254
0 0.837420 0.268564 0.039707 0.051895
0 0.729068 0.604172 0.030652 0.038312
0 0.088123 0.287105 0.061191 0.053211
0 0.207965 0.334244 0.059016 0.050551
0 0.240377 0.284082 0.033379 0.029266
0 0.261902 0.238006 0.033859 0.031441
0 0.368564 0.279461 0.050309 0.045953
0 0.341354 0.335453 0.061676 0.049102
0 0.313541 0.387213 0.060707 0.048613
0 0.761215 0.940059 0.041445 0.046320
0 0.284033 0.449686 0.065543 0.055238
0 0.897918 0.894260 0.034828 0.045277
0 0.957299 0.175365 0.030301 0.037613
0 0.821592 0.181719 0.027613 0.036078
0 0.792166 0.200768 0.021566 0.026605
0 0.761328 0.192402 0.022375 0.028016
0 0.839330 0.149672 0.035676 0.026805
0 0.827941 0.114904 0.037086 0.031441
0 0.799018 0.095959 0.031645 0.034668
0 0.764654 0.075803 0.028215 0.034262
0 0.731498 0.055547 0.026809 0.029625
0 0.689098 0.153637 0.042156 0.047703
0 0.204617 0.475746 0.032250 0.030836
