0 0.188455 0.590234 0.021668 0.022844
0 0.120027 0.714629 0.029898 0.020828
0 0.008686 0.767115 0.015621 0.031746
0 0.136980 0.819689 0.029508 0.032652
0 0.216914 0.827793 0.029750 0.033375
0 0.255613 0.827334 0.030234 0.032652
0 0.370016 0.823584 0.028297 0.039184
0 0.382348 0.736498 0.025195 0.016730
0 0.389502 0.713117 0.032652 0.024789
0 0.142701 0.874797 0.044699 0.039180
0 0.140814 0.923992 0.057176 0.050500
0 0.141283 0.974314 0.062887 0.042566
0 0.653143 0.781766 0.029254 0.032391
0 0.692674 0.778629 0.043535 0.046320
0 0.720535 0.733873 0.037266 0.027863
0 0.802730 0.798795 0.029602 0.042488
0 0.945496 0.814135 0.030648 0.028621
0 0.964133 0.836326 0.032047 0.026809
0 0.890162 0.890424 0.036480 0.031238
0 0.865713 0.689502 0.037488 0.031441
0 0.686053 0.692121 0.033605 0.039617
0 0.978742 0.631398 0.034828 0.030719
0 0.889854 0.580002 0.037973 0.030473
0 0.929854 0.434334 0.034262 0.029395
0 0.903666 0.296242 0.029629 0.028219
0 0.843639 0.217193 0.030066 0.031410
0 0.814783 0.194922 0.026371 0.035609
0 0.743975 0.181617 0.029832 0.039102
0 0.711625 0.186053 0.027211 0.027410
0 0.084191 0.041938 0.035945 0.031766
0 0.302490 0.096479 0.019504 0.022637
0 0.276891 0.098219 0.024031 0.029602
0 0.248854 0.101877 0.023684 0.027863
0 0.218551 0.099439 0.021594 0.032043
0 0.149766 0.066873 0.022641 0.024730
0 0.358842 0.159063 0.019590 0.029508
0 0.335139 0.165350 0.024426 0.030473
0 0.290395 0.177564 0.023945 0.031684
0 0.268021 0.185426 0.020316 0.029508
0 0.225211 0.209586 0.016445 0.024914
0 0.205258 0.178748 0.018141 0.025152
0 0.183973 0.180322 0.017172 0.021043
0 0.161600 0.179354 0.019348 0.022012
0 0.109963 0.197613 0.019590 0.016930
0 0.110568 0.218051 0.027090 0.017172
0 0.125201 0.231475 0.021043 0.015480
0 0.074408 0.237039 0.020074 0.029508
0 0.194977 0.245623 0.022734 0.020074
0 0.186150 0.271385 0.027332 0.020316
0 0.163277 0.336553 0.023984 0.016527
0 0.152191 0.355803 0.024789 0.015520
0 0.135867 0.374848 0.021969 0.018945
0 0.098074 0.398027 0.021766 0.032250
0 0.066027 0.420703 0.030234 0.019148
0 0.133061 0.434670 0.024691 0.017801
0 0.137344 0.453564 0.025531 0.018645
0 0.148414 0.495504 0.023180 0.016125
0 0.156223 0.515492 0.025023 0.018141
0 0.068463 0.541006 0.023512 0.017973
0 0.008164 0.531180 0.015453 0.024859
0 0.079129 0.588086 0.027547 0.017469
0 0.092734 0.614877 0.022172 0.016965
0 0.107178 0.635635 0.022168 0.016629
0 0.178395 0.631588 0.024187 0.025527
0 0.125654 0.657201 0.021832 0.016629
0 0.180309 0.570668 0.023852 0.015617
